10
12
0.31 0.46 0.52 0.61 0.74 0.83 0.93 1.06 1.14 1.22 1.34 1.47
2.37 1.43 1.76 4.17 4.33 4.52 3.14 0.98 6.18 1.83 2.25 3.77
17.0 27.3 32.9 49.7 56.4 59.0 74.3 83.7 99.5 105.2 108.5 117.5
1641 1174 1297 1034 1881 873 978 1098 1625 1928 1743 1060
10000
7.8
12
0.31 0.46 0.52 0.61 0.74 0.83 0.93 1.06 1.14 1.22 1.34 1.47
3.72 2.22 1.43 0.91 5.17 4.15 2.39 3.42 6.11 1.24 5.25 1.9
17.0 27.3 32.9 49.7 56.4 59.0 74.3 83.7 99.5 105.2 108.5 117.5
1544 1488 1185 1879 1045 1678 1068 769 1492 1204 1211 1910
10000
8.3
11
0.35 0.44 0.52 0.65 0.78 0.8 0.94 1.03 1.17 1.28 1.32
4.17 4.78 0.91 4.21 5.81 2.25 6.25 4.45 0.93 2.41 1.22
19.8 28.7 30.6 36.2 59.0 68.1 79.3 88.6 92.1 98.6 108.7
934 980 1651 1456 736 1528 1019 1019 1754 1373 1961
10000
5.9
10
0.3 0.49 0.59 0.68 0.75 0.85 0.91 1.01 1.17 1.2
1.55 5.6 2.48 6.11 1.68 3.04 4.45 3.89 0.73 4.68
8.7 29.1 27.0 44.9 47.2 66.4 65.3 89.0 89.7 103.3
1373 987 932 1537 1936 1303 833 1311 821 1549
10000
4.4
14
0.36 0.41 0.56 0.6 0.76 0.83 0.96 1.05 1.15 1.23 1.31 1.48 1.52 1.68
5.18 0.4 2.01 6.21 1.4 3.32 0.56 1.57 0.38 0.31 3.53 2.74 1.55 2.97
14.2 29.5 36.1 43.4 49.9 59.2 78.2 86.5 89.4 106.2 114.5 125.9 136.0 136.9
1062 715 1978 1319 1516 1760 1553 719 1828 1121 948 1411 878 1815
10000
6.4
14
0.36 0.41 0.56 0.6 0.76 0.83 0.96 1.05 1.15 1.23 1.31 1.48 1.52 1.68
4.38 1.2 2.48 6.0 4.22 4.28 5.46 5.15 3.02 5.99 3.28 4.38 5.69 0.61
14.2 29.5 36.1 43.4 49.9 59.2 78.2 86.5 89.4 106.2 114.5 125.9 136.0 136.9
1152 1623 1144 776 1719 780 751 1662 1145 782 1982 1869 1721 1181
10776
6.3
11
0.35 0.44 0.52 0.65 0.78 0.8 0.94 1.03 1.17 1.28 1.32
6.11 4.29 1.62 1.57 5.18 1.78 5.79 4.17 5.43 4.64 5.85
19.8 28.7 30.6 36.2 59.0 68.1 79.3 88.6 92.1 98.6 108.7
1909 1975 1185 1280 1797 1886 846 1520 1799 1351 1626
10000
8.8
12
0.31 0.46 0.52 0.61 0.74 0.83 0.93 1.06 1.14 1.22 1.34 1.47
1.61 0.79 4.19 3.02 2.53 1.08 3.51 6.2 2.22 5.04 1.76 4.19
17.0 27.3 32.9 49.7 56.4 59.0 74.3 83.7 99.5 105.2 108.5 117.5
1367 1467 788 1501 746 1446 874 951 859 1681 934 950
10000
8.5
15
0.32 0.45 0.57 0.64 0.76 0.87 0.98 1.04 1.2 1.23 1.31 1.44 1.6 1.68 1.73
4.56 4.75 4.87 0.37 1.19 4.78 3.02 3.75 3.94 3.67 5.06 3.21 4.9 4.99 2.27
10.3 27.7 29.7 38.0 49.5 60.1 68.2 86.4 95.3 105.2 110.1 126.2 139.9 147.2 158.4
1540 1863 1831 1045 1239 1978 1312 740 1466 822 1279 1730 1204 836 1360
10039
6.8
15
0.32 0.45 0.57 0.64 0.76 0.87 0.98 1.04 1.2 1.23 1.31 1.44 1.6 1.68 1.73
1.62 6.13 2.13 5.46 1.27 3.86 0.12 3.77 0.58 3.51 0.87 5.76 4.5 2.5 5.25
10.3 27.7 29.7 38.0 49.5 60.1 68.2 86.4 95.3 105.2 110.1 126.2 139.9 147.2 158.4
842 1611 1014 722 1556 1244 1696 1968 1397 1081 1874 1407 1459 1665 1233
10542
6.1
